36
  102	103	104	105	56	57	60	61	64	65	66	67	68	69	70	71	72	73	74	75	76	77	138	139	140	141	90	91	134	135	82	58	59	136	137	22
56
  88	89	94	95	98	99	100	101	132	133	5	6	7	8	9	10	24	25	26	27	28	29	30	31	52	53	54	55	13	14	16	17	20	21	32	33	34	35	36	37	38	39	40	41	45	46	47	48	78	79	80	81	113	114	122	123
67
  51	96	97	106	109	110	126	127	128	129	130	131	11	12	15	18	19	49	50	87	92	93	111	112	118	119	120	121	124	125	144	156	165	166	172	182	194	195	210	211	3	4	23	62	63	1	2	42	43	44	83	84	85	86	107	108	115	116	117	142	143	155	177	178	179	180	181
56
  145	146	147	148	149	150	151	152	153	157	158	159	160	161	162	167	168	169	170	171	173	174	175	176	183	184	185	186	187	188	189	190	191	192	196	197	198	199	200	201	202	203	204	205	206	207	208	209	212	213	214	215	216	217	218	219
33
  154	163	164	227	228	193	220	241	242	246	223	222	224	221	229	230	231	232	233	234	235	236	237	225	226	238	239	240	243	244	245	247	248  

! module 1: ganglia A and B, 			total: 36
! module 2: ganglia C, 				total: 56
! module 3: ganglia D, E, F            	total: 67
! module 4: ganglia G, 				total: 56
! module 5: ganglia H, J, K			total: 33
