 65
 5	7	8	62	63	64	65	66	68	138	139	140	141	142	143	155	177	178	233	234	235	236	3	4	9	10	23	56	57	58	59	60	61	72	73	74	75	76	77	179	221	229	230	237	6	24	25	26	27	28	29	30	31	52	53	54	55	67	69	70	71	136	137	231	232
 82
 1	15	18	19	22	34	35	36	37	38	39	40	41	47	48	90	91	93	114	115	116	117	122	123	124	125	180	181	222	225	226	238	239	240	245	247	248	13	14	44	49	50	78	79	80	83	84	85	86	87	92	111	112	113	118	119	120	121	134	135	224	241	242	246	2	11	12	16	17	20	21	32	33	42	43	45	46	81	107	108	243	244
 101
 82	88	89	99	101	102	104	105	128	130	144	145	146	147	148	149	150	151	152	153	154	156	157	158	159	160	161	162	163	164	165	166	167	168	169	170	171	175	182	183	184	185	186	187	188	189	190	191	192	193	194	195	196	197	198	199	200	201	202	203	204	205	206	207	208	209	216	217	223	227	228	51	94	95	96	97	98	100	103	106	126	127	129	131	132	133	172	173	174	176	210	211	212	213	214	215	218	219	220	109	110
 
 
 ! new mod1: sensory neurons		65  total		indexes: 1-22    (old M1); 23-44   (old M2); 45-65   (old M3)
 ! new mod2: interneurons		82  total		indexes: 66-102  (old M1); 103-129 (old M2); 130-147 (old M3)
 ! new mod3: motoneurons			101 total		indexes: 148-218 (old M1); 219-246 (old M2); 247-248 (old M3)
