68
  1	5	7	8	18	19	34	35	39	40	41	47	48	88	89	93	99	101	115	116	117	138	139	140	141	144	145	146	147	148	149	150	151	152	153	156	157	158	159	160	161	162	163	169	170	182	183	184	185	186	187	188	189	190	191	192	193	202	217	223	225	233	234	235	238	239	247	248
 33
  4	22	36	37	49	82	122	124	154	164	165	166	167	168	171	194	195	196	197	198	199	200	201	203	204	222	226	227	228	236	240	245	246
 76
  3	9	10	13	14	15	23	44	50	51	56	57	58	59	60	61	74	75	76	77	78	79	83	84	85	86	87	92	94	95	96	97	98	100	103	106	111	112	113	114	118	119	120	121	123	125	126	127	128	129	130	131	132	133	134	135	172	176	177	178	179	180	181	210	211	212	218	219	220	221	224	229	230	237	241	242
 11
  2	27	30	31	71	81	108	110	137	243	244
 13
  64	65	66	67	68	69	72	73	90	91	102	104	105
 7
  6	11	12	28	29	52	53
 6
  38	62	63	142	143	155
 8
  26	54	55	70	80	107	109	136
 8
  16	17	20	21	24	25	32	33
 18
  42	43	45	46	173	174	175	205	206	207	208	209	213	214	215	216	231	232

! module 1: topological M1 			total: 68
! module 2: topological M2			total: 33
! module 3: topological M3             	total: 76
! module 4: topological M1 			total: 11
! module 5: topological M2			total: 13
! module 6: topological M3             	total: 7
! module 7: topological M1 			total: 6
! module 8: topological M2			total: 8
! module 9: topological M3             	total: 8
! module 10:topological M3             	total: 18
